472.045,355.52,4,104.134,-11.2939,237,248,151,
1088.35,446.492,3,-5.57657,25.8974,165,69,220,
405.931,494.533,1,49.1044,-12.0731,117,19,60,
829.387,393.36,1,173.087,-27.4691,32,189,33,
1103.24,-138.826,3,-88.4056,10.6594,98,151,114,
518.327,204.649,1,33.2625,96.9888,53,131,90,
699.815,468.135,4,23.3093,64.1384,103,87,135,
605.129,299.858,1,-187.502,-11.6945,189,29,72,
497.857,327.787,2,-20.6914,-56.7282,246,171,149,
851.093,381.871,2,-59.4649,-12.4808,54,28,113,
453.36,281.685,2,0.299832,-35.1899,166,171,48,
556.023,619.166,1,75.3306,-134.974,210,198,232,
524.294,394.785,1,6.19561,4.24514,95,54,222,
589.388,317.406,3,131.944,109.562,8,20,57,
835.888,498.051,3,-29.8469,-55.6635,103,111,108,
733.427,342.426,4,-16.6059,8.27971,20,38,12,
544.472,575.386,4,32.9528,0.115409,147,11,81,
668.699,333.114,1,-243.128,100.688,239,73,167,
544.881,385.757,3,61.3667,-5.94205,41,150,244,
1107.1,362.764,3,37.3835,-40.9355,184,124,221,
765.738,407.664,3,-152.556,27.2209,117,152,178,
595.452,507.23,1,37.4698,39.0796,171,125,172,
446.887,432.057,2,37.869,-15.4215,204,20,108,
534.428,248.085,4,5.12901,-79.3331,153,224,185,
853.513,448.116,1,46.5069,7.29466,206,45,108,
581.301,485.562,1,-148.689,-89.1248,107,62,245,
539.286,409.243,4,32.452,98.7193,199,20,85,
678.376,460.034,2,-17.6277,-79.3777,239,128,144,
790.385,691.032,1,71.1114,96.688,46,101,152,
1143.8,-81.9582,4,-59.4798,28.2893,94,218,98,
671.306,359.835,1,-167.028,-21.6768,198,44,238,
659.184,338.029,4,-66.7825,-36.7488,51,96,140,
543.947,414.847,2,20.9291,-61.997,12,129,13,
733.315,430.68,3,0.64205,-7.67866,109,119,192,
689.44,412.261,1,-221.747,176.933,200,53,140,
542.291,443.521,2,-198.211,22.5027,224,56,53,
507.22,411.119,1,-81.418,-29.8935,148,15,29,
874.217,716.476,4,-39.8498,44.7812,205,114,105,
703.809,380.515,2,59.1978,-32.0798,128,148,158,
717.104,514.458,3,29.8823,-45.6282,36,180,116,
661.618,452.1,3,-32.1325,94.3494,4,176,181,
51.3082,116.917,4,77.1193,12.548,12,240,40,
765.976,379.919,1,-21.0278,-151.212,82,84,38,
717.038,491.471,1,143.063,-24.0283,41,178,140,
464.831,355.546,4,102.144,-10.5012,41,61,65,
640.36,569.54,1,-141.59,84.0555,131,118,176,
1056.7,936.138,4,-73.3896,-18.8259,122,5,138,
692.432,386.465,3,86.7481,-4.6143,0,31,57,
765.074,401.496,3,39.4485,11.9436,229,4,207,
695.986,552.858,3,34.869,8.50243,45,113,244,
531.148,250.732,1,-113.576,-163.558,245,254,198,
1038.48,443.848,3,82.9992,13.9003,125,31,49,
662.034,475.853,4,106.677,92.9466,30,38,93,
727.197,308.014,1,-172.973,3.96479,92,34,157,
708.743,168.374,2,59.9284,94.728,40,215,39,
694.785,568.755,2,66.7531,46.5655,78,40,118,
540.032,479.739,1,-32.7481,-47.7387,189,179,172,
987.861,76.3149,3,-54.3952,51.2812,188,106,38,
415.234,505.49,2,101.476,2.85108,191,178,232,
446.328,363.828,4,1.1904,10.5888,141,61,209,
367.171,419.62,3,-0.900114,51.2849,60,43,100,
543.423,216.084,1,29.8908,-46.0803,169,153,77,
721.52,423.903,3,-29.9535,-131.166,211,81,240,
549.202,370.079,2,-90.5243,-4.57269,45,162,122,
687.774,276.536,4,-30.4503,-95.154,72,234,86,
64.8495,185.99,4,79.1258,27.8696,232,5,213,
692.386,331.937,4,-55.2914,-46.3006,217,169,183,
773.188,459.536,3,150.881,-80.2588,184,103,102,
-17.1423,459.128,4,-44.3031,-19.4942,76,117,146,
735.938,469.325,1,-152.64,-95.2341,212,118,142,
931.079,403.689,1,-140.968,120.09,102,41,199,
809.271,433.515,1,-122.639,-29.2021,232,147,75,
826.656,538.785,2,54.8949,79.3148,31,177,253,
594.202,288.51,3,136.201,76.4787,19,135,54,
714.861,497.016,3,16.0643,-62.1897,120,108,49,
659.828,446.344,4,-57.6763,79.5234,226,176,211,
654.16,358.622,4,-46.5544,11.6375,70,175,38,
619.324,414.699,1,166.587,-0.866109,179,155,38,
643.287,399.692,2,-8.39093,-93.8279,176,26,68,
553.625,420.381,2,-126.849,70.5464,49,25,45,
623.803,449.206,2,-22.8017,18.7991,254,207,74,
613.358,372.595,1,63.8036,-46.0591,239,145,88,
640.017,453.481,3,-71.5805,-14.0448,33,104,253,
642.139,438.965,2,-76.7502,7.84966,56,132,25,
1055.32,588.138,3,-4.23269,35.2458,243,253,52,
613.984,542.587,2,-41.2384,33.2068,199,168,25,
755.003,359.13,3,180.07,-119.733,236,120,66,
523.321,450.584,1,-43.4015,-56.1367,155,158,18,
569.668,448.915,1,3.30601,-135.91,93,154,110,
1053.58,452.646,3,-33.5297,2.72874,207,77,172,
282.841,285.883,1,6.01202,20.8849,252,240,181,
-1594.78,688.569,4,-47.7602,29.3555,142,180,117,
856.17,420.601,1,49.1432,10.1163,131,130,50,
1111.3,369.56,3,3.93785,-35.2737,169,203,170,
888.966,388.468,4,-70.9403,-60.1077,221,23,68,
710.715,404.69,3,16.0058,-97.4101,178,121,181,
3238.5,107.434,4,74.6989,-27.2584,106,16,147,
585.461,517.543,3,-82.9198,76.9306,235,58,94,
604.91,407.783,3,-165.011,-30.5037,98,104,170,
603.027,295.161,1,31.1249,6.74981,74,240,156,
675.434,380.956,4,-15.278,95.6988,27,78,243,
681.147,347.428,1,-152.052,-63.7412,140,69,26,
638.103,308.838,3,130.545,104.538,180,106,219,
609.656,209.423,1,-52.8694,200.739,52,230,99,
9.9287,567.318,4,-21.7975,-21.2342,56,158,246,
639.265,383.891,2,-58.9747,-5.3883,105,163,88,
1101.77,303.446,3,42.0758,-8.48422,164,75,12,
627.731,442.04,2,-7.32985,14.1011,247,238,188,
60.2596,42.6259,3,101.545,14.0169,79,146,188,
492.027,379.521,3,-106.896,-34.15,53,92,87,
749.75,389.613,3,-5.69349,22.4746,195,105,70,
1062.91,-57.8794,4,-74.434,22.2726,162,248,80,
646.551,494.846,2,-30.8884,-127.434,156,90,151,
457.534,187.781,1,60.4934,188.869,244,6,254,
517.717,363.369,2,-16.4166,30.195,51,25,208,
645.597,304.794,1,-126.56,-258.756,62,43,8,
500.721,306.403,4,-81.7375,6.85547,155,14,61,
290.375,418.58,4,57.7878,-4.32584,199,208,106,
304.069,363.027,4,62.1132,-7.4062,218,140,185,
644.297,535.065,3,69.1131,36.5474,209,252,133,
855.215,378.882,2,-158.002,53.9939,141,110,88,
730.325,500.524,1,-147.698,-74.2158,224,2,243,
670.937,435.301,3,44.2031,-97.26,83,20,27,
655.299,259.894,3,28.447,-68.9442,104,17,190,
191.101,468.298,4,36.9914,-1.87531,145,4,31,
681.359,279.453,2,15.7298,7.41452,186,89,213,
847.413,558.406,2,-1.26298,31.8715,26,21,229,
709.592,452.226,2,114.196,-143.512,136,107,19,
544.855,473.756,1,111.2,-164.954,65,22,89,
727.446,327.856,2,11.5904,179.416,145,34,152,
538.71,546.285,4,47.42,14.8308,86,100,182,
699.416,410.245,3,-138.092,-62.0979,241,190,118,
652.729,394.203,3,38.9511,106.174,159,131,195,
567.27,336.766,3,-115.789,-25.2148,40,217,221,
737.519,353.967,3,171.341,64.8969,47,66,238,
480.822,478.75,1,48.9214,71.8078,108,183,45,
1094.67,460.921,3,34.8557,21.197,83,45,205,
711.195,287.533,4,-32.928,63.684,26,229,80,
394.49,317.367,1,22.4902,22.3076,251,112,74,
676.187,354.852,2,-69.6835,83.6009,214,238,175,
584.094,325.713,1,-155.753,-90.8235,140,118,241,
1038.96,455.451,3,-45.3341,-2.28728,147,52,207,
471.271,253.452,2,41.5337,7.78229,192,194,246,
520.486,395.71,1,-128.198,10.5652,171,172,122,
-571.877,-187.217,4,15.5982,-15.9161,174,254,218,
641.427,289.46,2,-97.116,-70.6835,177,72,100,
2506.15,766.036,4,36.4796,22.7234,239,45,56,
629.002,433.693,2,7.96099,14.8834,218,198,155,
546.59,233.771,4,3.91051,-72.3377,221,103,188,
574.521,392.411,2,43.8706,-57.3058,203,113,28,
1091.8,405.152,3,61.7215,-43.2301,55,12,52,
729.664,312.712,4,-8.70086,-37.4322,246,98,184,
898.291,351.969,3,-105.32,22.8114,189,37,98,
521.234,323.493,2,-59.9171,18.6555,245,111,236,
1097.23,452.899,3,10.0103,-4.73501,141,102,29,
-1765.21,234.694,4,-56.133,-22.0405,71,104,172,
517.567,396.271,3,-132.214,6.23248,245,165,80,
1098.29,452.523,3,35.7095,12.8156,254,65,23,
840.397,513.928,3,123.783,-64.2324,121,54,77,
863.617,487.212,4,136.329,69.0651,153,239,153,
742.028,544.532,1,-28.4228,171.016,193,88,21,
754.188,363.245,3,42.3211,-2.73684,167,56,71,
447.3,450.131,2,-134.442,1.5446,30,180,158,
720.436,283.931,1,-145.623,-130.001,53,228,156,
2669.89,526.301,4,36.6324,25.0655,216,44,138,
705.63,318.468,3,5.01595,-50.6722,109,215,109,
765.781,491.797,1,87.1822,-49.865,193,102,142,
475.453,306.425,1,-6.38625,91.3523,35,91,87,
671.319,365.772,1,131.144,-216.081,238,100,179,
1082.21,757.859,4,-1.32326,-12.8313,223,22,156,
543.704,371.857,3,44.7707,4.17027,7,253,74,
662.207,427.91,4,-73.0422,76.7537,84,187,99,
541.104,473.536,1,-71.5047,-103.88,15,172,103,
668.032,373.042,1,40.8718,-12.552,144,124,5,
728.959,392.789,3,2.72384,29.1595,186,209,227,
728.559,381.866,3,3.34673,29.101,39,93,45,
649.776,397.92,2,-65.7517,-9.83841,220,149,193,
317.788,406.951,4,72.4314,-12.1303,26,188,43,
345.171,626.944,3,53.2373,-78.7302,92,160,59,
697.095,482.188,4,-12.2615,14.5635,12,176,93,
874.536,450.745,2,-13.4229,8.88606,153,28,220,
614.895,421.38,4,-33.3358,-15.6309,116,42,24,
627.64,370.918,1,65.3538,88.7472,54,47,251,
677.924,421.592,1,-173.309,-24.9403,11,221,140,
628.983,381.681,2,69.6289,-29.8225,173,231,242,
740.203,632.742,1,110.48,167.325,147,199,36,
854.824,788.217,4,-91.5718,-55.5254,253,239,232,
712.017,416.649,1,59.1123,243.474,138,138,32,
-1187.88,835.645,4,-22.9875,26.6164,222,37,38,
470.44,297.677,1,12.1949,-67.1727,185,84,206,
627.087,310.092,2,145.212,100.559,244,239,3,
545.192,506.397,2,-3.69013,-18.716,222,127,77,
111.01,458.846,4,15.701,-5.60814,95,140,230,
437.478,468.078,1,-30.0738,-187.394,234,242,211,
668.709,537.63,2,-1.10979,58.9293,130,232,99,
1280.3,-149.999,4,-53.5224,8.33353,128,141,242,
524.63,388.107,1,-131.955,22.0806,87,96,50,
677.554,235.214,3,7.18565,-27.4663,76,17,52,
517.688,322.574,1,124.131,251.056,198,192,128,
297.155,472.423,3,61.0842,-90.7563,143,37,191,
624.058,452.359,2,-49.5059,51.7034,50,238,49,
633.934,505.316,2,-2.56954,103.745,66,29,97,
445.646,491.29,4,-107.521,8.99479,200,69,133,
459.241,462.939,2,52.1251,-39.9692,145,73,82,
709.703,485.995,2,-8.16643,176.96,5,232,41,
-172.028,74.9825,4,61.7056,2.39561,148,209,121,
624.156,432.154,3,113.213,-22.0913,73,218,146,
608.856,527.688,3,36.9448,-51.4359,121,88,1,
576.129,389.877,3,80.8536,-9.18502,55,43,71,
417.781,476.962,3,-24.0921,0.254624,237,249,72,
604.786,410.213,1,-259.01,72.1554,71,54,190,
245.323,550.705,2,-6.73027,26.6603,149,216,254,
565.339,401.82,2,-1.45514,26.3827,6,154,66,
395.333,315.209,2,15.6862,94.6361,54,26,108,
598.247,397.826,1,71.1352,-15.1008,82,254,245,
-110.788,27.2565,4,66.5938,-5.87554,40,75,87,
637.386,359.042,2,76.8037,24.9771,71,223,119,
795.292,437.064,3,-100.601,-62.9169,141,180,217,
726.669,394.443,2,42.702,-9.81169,169,212,234,
631.81,429.862,2,-1.43987,11.0744,146,190,46,
747.159,424.53,4,-12.7083,-75.3895,171,25,216,
783.981,468.392,3,-119.231,-33.6576,196,226,51,
641.433,408,2,159.909,-6.27054,31,23,225,
539.034,423.896,1,0.841223,-72.6557,215,72,98,
655.542,390.337,1,-223.954,-69.3496,153,31,167,
739.968,398.718,3,128.205,135.74,26,166,211,
725.228,453.059,3,15.624,-14.5187,168,67,251,
594.499,563.064,4,-7.01033,-89.1027,26,59,129,
654.838,494.107,3,-5.28928,4.75878,159,197,84,
498.378,296.396,2,97.0014,62.3144,49,100,40,
732.655,270.598,3,-11.0159,54.1486,196,81,250,
553.868,280.205,1,-87.2923,37.9446,55,28,25,
700.085,382.489,1,-112.724,-134.406,193,80,60,
530.686,305.216,1,-26.7979,-76.928,206,91,247,
1001.23,477.98,3,-59.1551,66.4021,157,119,158,
660.819,387.642,4,-40.9308,0.31716,249,183,50,
-22.9479,343.221,4,-16.9728,-10.5452,143,26,125,
684.803,393.547,1,30.5715,3.80219,49,64,126,
-1365.36,97.3853,4,-32.7822,-23.7726,215,117,145,
658.413,500.137,3,-3.34871,123.794,106,142,145,
825.095,229.102,1,-68.4829,94.9285,221,44,223,
413.712,497.233,1,13.8231,-90.1078,75,172,135,
346.915,403.258,4,71.2309,-4.86206,69,232,163,
755.454,600.865,1,49.5055,33.8111,220,191,160,
661.265,474.621,4,-43.086,66.738,68,235,217,
667.151,452.843,3,2.83565,-27.3638,209,244,45,
505.644,441.134,4,28.9545,-55.6981,105,41,106,
500.085,439.3,2,-79.8798,51.8865,201,211,184,
118.914,436.865,4,18.2729,-0.883104,111,167,128,
543.068,334.483,3,-94.4985,-7.77066,174,58,84,
608.368,424.479,2,-20.7365,74.6838,78,115,162,
979.614,316.298,3,97.3325,-23.2237,96,170,51,
695.291,319.219,3,-11.2132,-12.8013,229,37,151,
60.2406,159.285,4,80.0468,17.3511,3,55,26,
637.578,390.338,1,98.2094,-9.40501,129,235,97,
2609.12,548.166,4,38.6988,23.0286,50,202,192,
681.51,237.568,3,16.0391,-24.076,200,161,115,
279.792,646.636,4,-85.3393,34.0712,191,246,91,
551.994,409.627,3,61.9762,-45.5007,192,141,107,
627.018,471.572,4,-50.95,4.31725,44,33,56,
686.503,262.127,2,-60.4207,-0.411148,20,145,70,
816.131,578.74,2,6.60511,-6.88581,229,151,200,
759.442,441.249,1,-25.4369,224.503,195,230,131,
701.892,310.28,1,128.64,-11.1788,132,245,177,
1063.37,496.42,2,-63.9038,-32.8606,109,205,23,
683.152,423.083,1,169.812,-24.8348,112,172,68,
615.771,475.118,1,-57.6914,203.193,78,176,58,
586.385,401.966,2,14.1152,23.8939,66,249,210,
551.816,335.955,3,-22.8878,55.3836,121,213,139,
640.29,521.556,3,49.8359,86.4001,254,95,109,
759.875,425.974,3,-144.288,-54.6064,53,194,197,
627.045,479.375,4,-52.3447,18.4702,29,186,57,
697.185,352.188,3,169.799,90.1232,194,10,8,
737.422,228.408,2,-77.7784,31.9077,251,178,182,
698.917,459.011,1,-165.633,84.6813,226,74,100,
785.879,515.876,1,-93.5905,-42.2753,207,37,68,
319.653,173.247,2,4.10137,-25.2623,163,74,250,
738.705,529.08,4,46.2558,43.1575,218,162,41,
883.943,425.943,2,13.3247,-0.136231,231,143,229,
415.486,438.929,2,-82.4387,0.334186,110,5,201,
653.736,287.633,1,172.671,74.3597,158,49,143,
797.953,338.822,2,83.0803,-115.359,55,154,228,
679.076,431.367,1,35.3239,25.6768,128,26,228,
1088.98,330.412,3,63.3911,7.68269,247,207,190,
392.701,285.623,2,93.3047,-24.6371,34,155,153,
624.655,378.63,4,-41.7146,-0.395454,178,124,190,
539.05,464.295,3,157.422,-68.4358,194,154,13,
533.441,494.341,2,-32.3176,63.327,169,49,31,
338.731,398.156,3,125.35,62.618,244,72,99,
673.773,381.313,2,60.6662,-20.296,17,44,98,
598.042,521.653,3,-22.2563,105.455,111,17,197,
482.05,403.326,4,30.6874,-34.7119,189,103,224,
775.042,529.964,1,-82.1417,-210.224,62,224,130,
750.301,346.646,3,23.4957,-0.794587,228,240,93,
325.229,668.838,4,-84.1974,39.0346,193,167,11,
1813.75,-284.075,4,-10.6443,-20.3944,216,234,217,
614.63,414.531,4,-10.1422,-12.5301,132,205,178,
101.911,481.757,4,21.487,8.02927,219,149,121,
541.784,334.541,3,-76.8499,32.5288,195,75,166,
470.131,497.11,2,-130.773,45.1048,2,1,50,
547.715,349.791,2,-86.8555,-106.331,245,191,97,
665.533,569.781,2,-97.6261,60.3505,41,90,176,
671.466,354.871,3,-80.9184,-116.466,229,106,3,
818.86,349.864,3,-87.2392,78.3151,25,62,85,
186.961,445.766,4,35.6542,-6.33222,29,157,12,
1099.01,450.951,3,13.0766,-7.75794,196,120,178,
414.107,479.499,1,66.2052,-23.3003,223,8,67,
769.113,360.875,1,145.297,-107.522,42,226,136,
625.606,351.912,2,8.36896,-63.4397,42,159,162,
2319.6,-117.401,4,22.6832,-35.3935,15,210,121,
641.99,305.953,3,-27.1336,78.153,88,116,62,
727.259,424.48,1,145.935,18.7567,28,240,178,
434.52,419.774,2,19.644,-1.97732,195,184,14,
533.253,528.802,1,85.0955,97.9869,153,8,50,
407.259,654.598,3,-55.9377,26.9918,234,249,143,
547.164,295.841,4,-101.408,-8.60615,131,148,220,
560.651,399.244,1,47.6879,36.6292,82,45,179,
641.851,385.576,2,-61.2965,-7.03791,42,225,0,
745.321,42.5952,1,-8.24528,-2.46423,209,2,86,
686.061,405.923,1,65.7989,15.0453,199,237,115,
661.206,460.317,1,113.463,260.667,66,12,166,
513.442,347.401,2,-47.7944,26.7529,205,219,20,
603.552,464.051,2,-114.747,-50.0269,61,184,85,
325.83,472.645,1,86.371,45.4728,177,192,204,
742.949,338.539,4,0.77012,2.33216,45,131,237,
851.702,430.83,3,-117.777,-38.8799,44,214,101,
1104.46,332.725,3,11.2643,-32.5477,197,253,217,
-1716.5,601.774,4,-60.8231,33.0607,205,141,107,
690.839,538.5,1,-107.805,-29.0432,106,16,25,
632.489,319.294,2,-68.8486,63.8484,82,56,108,
649.911,347.516,2,-41.938,-13.7371,116,143,112,
421.44,498.737,2,79.0293,12.1939,61,165,207,
618.741,374.402,1,66.345,-37.3202,170,106,41,
638.651,325.813,2,-85.2186,123.242,203,86,66,
1080.39,340.26,3,53.7577,29.3174,104,17,211,
644.44,407.362,3,115.917,10.0783,209,54,30,
637.902,340.541,2,7.90736,-27.4487,102,60,198,
82.1959,807.291,4,-38.8725,33.1293,116,184,116,
783.272,428.576,1,81.8381,-72.5108,161,232,199,
692.947,425.415,1,48.5116,25.249,212,222,14,
657.927,367.833,2,78.4221,30.0347,199,127,73,
1096.01,454.487,3,48.8009,20.0901,166,19,86,
680.032,566.593,2,55.3887,76.1587,106,15,36,
452.059,392.412,3,-52.9275,-8.17955,122,187,197,
2538.38,-310.222,4,33.2107,-33.6341,63,96,247,
-951.628,749.309,4,-11.9994,22.3744,80,179,152,
586.263,239.36,4,47.5562,-34.418,247,241,29,
581.515,186.955,3,-39.3519,28.4366,99,76,80,
1077.82,558.666,3,28.422,4.68701,165,170,76,
653.748,232.809,3,-42.9718,-26.2564,204,203,61,
543.373,384.785,1,-184.791,-195.373,36,182,219,
688.889,258.004,2,-61.161,-20.2614,173,158,114,
721.936,326.891,3,33.828,-39.9999,85,236,127,
742.838,448.286,2,-59.8712,-125.712,121,37,160,
477.323,508.955,2,-95.8284,91.0028,105,240,150,
697.682,392.419,2,65.8786,-47.1585,1,76,62,
652.879,406.774,3,-13.1343,-6.38169,45,38,119,
470.872,349.597,4,104.304,-21.7463,23,121,241,
667.256,275.18,2,-100.789,79.9069,238,59,176,
398.696,245.86,2,-44.5682,-95.899,13,156,89,
710.1,401.306,2,77.0935,-2.61462,113,98,9,
443.693,200.432,2,-26.7896,-89.23,103,234,8,
595.222,390.921,3,85.0266,-27.916,6,208,91,
666.258,578.187,1,-141.948,58.2355,163,7,157,
684.488,317.369,4,20.3533,83.209,201,80,45,
207.85,358.241,4,41.4928,-16.7044,236,96,74,
838.545,370.112,2,-171.658,24.291,157,91,27,
1094.14,642.585,4,-40.8223,-20.266,205,42,248,
598.068,445.183,3,54.6195,-80.9393,44,63,141,
646.86,248.327,3,-52.2833,25.3471,179,148,169,
609.956,369.887,1,-203.476,-102.883,31,185,228,
737.452,332.577,3,26.0673,-13.2385,23,67,64,
725.379,413.859,2,44.513,36.3964,140,97,147,
294.413,355.046,4,59.9195,-12.4071,216,248,65,
541.342,646.645,1,-148.362,41.8359,82,246,84,
147.184,306.961,4,19.3788,3.39995,207,159,33,
555.48,403.501,2,31.2852,-60.83,67,123,95,
156.619,943.871,3,-10.7954,15.9193,14,119,143,
554.246,292.875,1,-24.6635,-2.97872,246,46,176,
605.237,158.531,2,87.5181,56.5328,94,142,240,
2719.14,648.712,4,40.1564,24.0693,99,106,111,
485.488,303.254,3,161.469,15.615,141,187,99,
53.247,40.2123,4,74.0573,-0.509937,133,223,50,
731.175,550.109,1,52.2185,49.9676,2,212,128,
627.474,273.619,1,-107.596,-100.615,231,197,208,
617.432,236.197,2,-60.674,38.084,85,246,188,
624.437,593.232,2,78.832,-87.2916,222,204,164,
470.748,492.818,3,-60.4367,15.3252,153,189,218,
724.176,345.332,1,-166.882,96.6229,122,124,40,
987.262,389.589,3,98.0212,-47.064,196,9,184,
530.47,338.533,3,-31.437,9.77795,190,201,232,
-1230.02,646.835,4,-23.8391,28.074,199,65,159,
1101.25,366.767,3,18.9215,20.2499,80,176,134,
794.107,496.65,3,-132.283,-36.3609,48,38,39,
345.877,430.758,4,70.5806,-7.28577,224,143,242,
662.374,533.287,2,-14.2039,-4.06991,151,122,77,
698.278,665.152,4,18.2661,-41.6498,1,18,247,
1194.09,403.519,4,95.4243,19.5945,27,197,27,
702.622,315.366,4,-37.3759,77.0533,236,90,144,
1072.17,557.962,3,50.2607,13.7813,159,181,155,
430.423,405.346,2,-122.285,11.4317,228,239,102,
815.592,337.292,4,-13.5443,33.5131,88,21,22,
818.783,580.667,2,14.5538,4.85778,85,57,164,
149.627,384.207,4,23.806,5.32758,103,236,51,
599.025,259.664,1,-88.5194,-95.2943,218,104,127,
677.756,328.027,4,22.2443,86.6801,30,118,174,
832.339,402,2,-77.8187,-12.53,110,12,208,
573.536,470.442,2,-78.0524,-51.897,14,141,193,
-33.128,412.17,4,-36.7342,-19.1006,180,242,125,
-1471.55,645.243,4,-39.5768,27.3163,28,140,135,
608.088,416.866,1,-289.428,5.89918,30,114,197,
762.546,354.705,1,-145.849,83.6449,36,5,222,
400.913,240.031,2,86.1712,13.6561,248,126,237,
494.857,326.946,3,69.9472,39.3,218,23,244,
670.131,315.524,3,-31.9697,-35.4553,177,200,35,
123.372,702.606,4,-58.9473,45.8973,139,63,86,
688.328,334.268,4,-44.7567,4.44786,230,191,50,
1101.64,323.548,3,23.9113,6.36357,103,4,76,
286.505,455.523,4,57.3143,-1.13031,11,5,245,
699.926,317.164,1,-236.052,82.3121,51,47,11,
711.906,335.296,4,26.9043,-65.636,21,44,45,
284.252,-5.98072,4,-44.4391,-41.3965,232,111,194,
812.681,167.835,4,42.1257,88.1733,202,27,56,
750.665,413.295,4,-4.12,-75.9716,97,214,90,
739.302,541.278,2,69.1348,-32.9505,71,73,150,
1059.31,473.497,3,-30.0199,-20.5095,244,174,204,
997.822,562.942,3,69.8716,47.4807,23,0,51,
677.888,451.797,3,69.3067,57.6533,182,201,174,
657.876,380.932,1,53.0323,-9.25558,0,75,245,
545.743,370.268,3,-136.61,7.86958,32,104,186,
497.425,500.006,1,131.59,-38.8026,128,106,131,
720.627,338.784,1,-119.751,100.888,107,226,65,
388.289,500.979,3,90.3559,-102.992,187,178,171,
-88.3359,-2.0327,4,67.8313,-16.4192,186,176,224,
793.42,477.849,4,-41.977,-21.5805,210,81,177,
995.506,353.195,2,-102.333,-1.60053,188,137,28,
134.974,234.825,4,17.1537,22.1411,202,188,213,
549.384,222.349,1,27.4808,20.7688,131,234,165,
772.358,378.361,3,165.379,-69.3894,135,4,86,
1054.29,595.521,3,3.58838,34.4546,111,114,102,
654.384,344.893,2,-25.6642,133.011,10,43,37,
570.343,216.483,1,128.564,-8.75861,27,68,220,
474.358,282.845,2,99.5619,20.5173,110,237,22,
627.698,415.424,2,16.6939,20.6473,67,171,246,
477.662,387.207,4,-67.5697,-11.1871,93,15,104,
641.047,405.034,2,158.39,-40.7564,55,224,121,
625.284,416.193,3,-28.6669,-21.804,103,62,228,
525.139,445.452,1,-34.3845,-60.7898,221,86,177,
650.967,347.199,2,-17.7059,-60.7471,221,104,130,
657.958,412.254,1,46.4078,89.5998,236,120,44,
485.018,283.658,1,-100.499,-234.002,115,91,102,
651.891,384.929,2,-118.634,-121.903,42,183,7,
666.795,391.052,1,90.9876,-29.7576,252,135,70,
436.774,371.224,1,-92.5858,-167.167,15,52,231,
615.991,415.538,4,-36.7425,-14.8268,24,245,115,
706.068,562.753,3,18.6427,42.4421,123,118,76,
-747.578,72.563,4,9.08444,-26.9981,173,216,222,
433.285,496.094,3,-36.2229,33.1183,205,154,81,
468.474,322.457,4,-54.4589,18.2333,21,65,118,
632.103,343.208,4,-61.5655,-21.9026,108,63,120,
1103.49,345.466,3,26.0967,14.1688,253,106,198,
549.606,382.893,2,-139.153,55.6526,122,13,30,
651.073,429.37,3,194.105,-121.676,181,147,3,
253.915,369.264,4,37.4885,51.4713,158,177,10,
521.721,512.743,1,42.3729,-88.6175,242,203,10,
444.182,354.311,2,20.9697,-79.1958,19,192,230,
615.625,394.866,4,-10.6971,-8.27814,217,40,130,
524.049,353.746,1,-124.486,17.1906,185,198,230,
978.911,319.264,3,98.756,-17.165,91,183,176,
1028.8,387.871,2,-91.2279,-15.2264,96,214,196,
742.856,428.28,3,-11.7842,3.00008,22,149,233,
663.032,557.944,2,132.968,24.59,219,180,198,
190.943,1010.14,3,-11.2648,37.0081,173,206,1,
700.399,492.566,3,30.8172,36.1616,196,64,144,
747.292,515.994,4,-2.81388,-42.3089,13,158,232,
718.936,202.27,1,-61.8006,56.5448,253,198,101,
749.157,332.879,1,86.3119,60.7574,228,89,126,
732.358,633.882,1,113.096,166.926,137,69,175,
822.437,344.628,3,148.523,-49.0274,13,160,90,
13.6493,589.061,4,-48.1399,-10.5201,115,232,212,
699.614,371.851,4,-67.2781,80.1158,189,33,184,
693.779,404.888,2,-24.6808,-85.9425,91,130,224,
602.503,219.406,1,-131.17,50.7556,154,104,161,
474.527,520.983,4,-22.1588,-30.2532,29,152,175,
716.811,396.112,3,-1.54236,27.3944,113,2,113,
257.029,273.912,2,14.6467,-33.8392,59,122,198,
632.296,458.162,3,-25.9689,-24.5719,194,73,27,
570.258,388.751,3,63.2221,52.8025,198,54,50,
742.398,588.101,4,7.07442,-81.4816,178,5,214,
734.577,417.844,3,-158.367,-16.5458,130,14,7,
666.75,345.862,4,-69.5003,-45.9727,175,29,246,
705.796,365.64,3,181.782,-62.1797,84,204,53,
822.566,532.228,3,-15.6074,-49.528,200,69,78,
625.055,444.002,2,-65.1971,15.667,181,4,192,
1084.15,529.762,3,11.3876,-8.95041,76,121,204,
746.845,304.165,2,-128.518,32.4029,233,147,47,
682.357,562.165,3,6.74607,8.52792,191,157,24,
1012.21,461.694,3,-58.6717,4.2372,200,66,43,
551.17,305.62,2,12.3055,11.1447,72,247,223,
318.431,228.477,2,32.9526,-48.328,60,29,196,
483.873,421.975,2,-69.8258,36.9023,39,132,225,
686.045,214.402,1,134.695,12.1661,254,92,137,
671.89,361.545,3,19.9522,108.403,85,202,85,
670.553,316.39,3,-30.1639,-24.4854,140,64,221,
728.209,284.038,3,-15.5564,65.4566,22,203,93,
308.454,231.095,3,88.8958,74.2147,170,94,14,
643.587,364.622,1,54.4033,-36.4165,131,114,86,
595.944,398.86,1,90.2546,-51.3817,172,63,15,
517.73,370.445,4,44.7666,42.5919,20,83,196,
578.846,373.151,2,-123.745,17.4428,163,19,47,
1540.25,625.757,4,-44.6737,13.2419,138,249,94,
710.671,352.626,4,-80.7381,113.702,178,150,185,
673.404,368.883,1,68.4077,285.248,158,72,98,
-922.363,732.574,4,-10.1081,25.4751,94,200,166,
643.966,375.228,3,176.104,-86.3109,150,97,60,
630.967,536.637,2,79.6712,90.3211,61,67,32,
695.043,341.008,4,-56.068,-54.6982,50,82,22,
734.221,435.416,3,1.61883,-10.94,74,214,228,
653.068,487.787,1,-241.475,100.454,127,212,80,
675.867,337.41,3,-37.4272,-71.6935,32,177,234,
585.819,505.355,1,3.98957,-35.2322,189,190,249,
698.938,304.239,4,-30.3038,74.3058,156,28,136,
652.54,329.586,2,-2.26779,-130.598,143,51,252,
521.468,479.688,2,-27.5173,-37.3905,130,77,245,
547.712,434.39,1,-105.308,-129.497,81,180,31,
643.413,394.151,2,71.0913,-0.998401,198,156,11,
674.82,472.589,1,-177.447,43.58,100,70,240,
688.884,552.047,3,9.04285,-12.073,169,132,247,
869.849,479.55,2,-6.77621,100.25,145,103,68,
681.173,447.701,1,25.1093,-323.966,144,46,3,
560,551.94,1,-28.7651,-140.528,157,159,224,
629.11,546.206,3,46.9488,-29.8797,98,32,236,
510.573,383.459,2,-134.863,-5.19542,16,51,84,
808.285,490.396,3,148.335,45.5985,186,86,79,
579.145,480.644,4,37.8535,-107.424,157,32,156,
80.1033,516.842,4,1.21573,-33.5089,133,71,164,
744.317,475.649,3,179.536,-20.2509,180,23,47,
584.552,413.669,1,-49.283,-212.871,50,196,196,
544.854,513.936,2,-6.33576,23.1648,123,207,101,
696.447,597.254,2,-76.3084,29.3106,94,221,239,
698.873,443.926,3,11.1718,-23.9952,163,237,144,
562.237,289.184,3,134.831,94.967,161,95,68,
682.417,247.985,3,34.7448,17.689,243,63,254,
605.253,364.087,2,-111.817,-117.451,140,121,6,
75.2073,388.417,4,12.8978,-23.2877,103,192,16,
477.415,529.013,3,132.607,15.429,121,153,134,
804.013,273.822,2,10.5513,-111.565,61,244,105,
730.985,334.192,3,40.4924,-30.3129,156,27,82,
641.691,482.649,1,123.364,129.812,67,65,136,
508.051,382.879,3,-119.318,-38.6156,172,228,32,
379.101,-8.41203,1,-37.9806,15.3577,193,32,36,
1289.34,655.475,4,30.1747,9.23738,95,205,153,
192.824,41.5569,4,-56.0447,-49.5776,125,70,143,
644.156,454.146,3,-2.81345,92.849,1,118,223,
742.774,439.68,4,-136.739,-83.7267,161,189,107,
648.623,400.282,2,54.5255,-78.7463,33,190,217,
1033.39,359.419,3,78.4442,59.3081,47,227,127,
665.214,369.677,4,-44.0549,13.0596,189,91,201,
603.435,309.195,2,-115.119,-73.0759,24,127,124,
794.84,307.842,2,34.1532,-131.143,191,247,78,
731.117,458.22,3,53.1827,31.6343,114,61,62,
434.589,139.646,2,-5.25026,-57.89,103,242,180,
723.805,405.701,2,43.7412,11.3699,221,137,176,
704.87,481.891,4,-7.04967,17.8733,236,126,72,
316.047,480.577,4,135.561,-32.2104,230,28,98,
837.668,554.145,2,42.1051,55.5024,26,164,119,
326.546,295.009,4,-3.54319,-5.76499,138,177,163,
175.799,35.86,4,-40.4714,-34.7537,206,74,41,
846.411,341.343,1,-20.1968,27.6504,134,65,7,
2461.39,-238.083,4,30.0464,-34.6289,219,109,52,
789.937,493.856,2,-85.4758,59.9723,111,57,118,
714.068,366.13,4,22.0143,-83.4711,6,92,55,
1042.71,453.803,3,81.7285,3.51166,197,108,120,
811.998,447.956,3,-88.0864,-62.0019,100,95,144,
722.25,469.996,4,22.6652,30.6615,166,238,17,
744.47,368.412,2,-131.287,-3.17306,162,245,184,
634.906,435.54,2,-217.007,50.36,123,41,55,
1091.39,307.791,3,-9.65359,-4.83837,208,214,22,
744.621,255.37,4,100.592,-70.4368,75,64,16,
413.239,325.403,3,143.115,-56.2069,224,82,29,
627.335,479.261,4,-51.6318,16.4088,133,166,62,
670.977,629.567,4,36.28,29.2725,132,234,133,
629.659,405.596,3,-155.248,-67.8087,81,43,89,
392.953,452.104,3,119.147,68.6127,83,243,33,
528.536,422.837,3,-133.948,1.85543,68,206,156,
724.682,437.179,3,9.75783,-15.6494,64,21,166,
526.209,364.669,3,-54.6006,34.6043,253,139,212,
605.912,253.306,1,-90.1368,136.265,8,222,93,
500.284,306.26,3,167.44,-12.3534,235,141,5,
388.109,349.572,4,82.0343,-15.8605,160,112,247,
1100.8,459.742,3,37.9844,18.2074,228,114,27,
517.695,269.203,1,-16.079,-157.598,149,56,102,
620.434,440.431,1,-101.692,215.006,182,89,7,
419.156,87.6188,4,-47.5912,-84.2565,100,246,110,
1139.15,647.166,4,71.5729,54.9243,181,98,2,
623.339,477.304,4,-53.7269,47.6108,252,61,192,
732.614,415.053,1,-197.378,54.6589,79,104,202,
727.339,430.965,3,6.68724,-9.34733,149,111,216,
806.64,456.798,1,-5.63405,19.4942,176,122,225,
639.621,337.787,4,-58.4995,-15.8493,76,197,50,
270.969,241.241,2,13.0702,-28.9368,230,130,31,
552.702,371.68,2,-147.039,41.8653,208,202,248,
595.734,362.951,3,146.791,111.604,91,6,172,
732.465,334.59,4,-15.9843,4.98177,50,215,67,
634.838,315.631,3,184.233,22.1447,208,1,64,
477.868,283.971,2,101.042,20.2349,141,229,112,
589.763,279.831,1,59.4899,112.56,28,189,223,
573.901,152.079,4,0.660222,55.0088,75,104,132,
528.993,338.696,2,-69.4684,-97.854,177,50,106,
776.235,460.9,4,-68.8673,-13.5608,94,2,124,
173.404,466.925,4,35.5533,13.6048,150,186,8,
632.249,346.214,3,-28.2172,-130.917,88,72,18,
558.019,299.27,3,143.48,95.2004,107,169,73,
458.036,538.838,2,35.7496,22.9671,13,120,15,
1118.41,-50.6114,3,-16.0867,2.36171,129,168,55,
767.706,557.964,2,50.3325,108.648,222,204,144,
384.656,511.931,2,87.1195,5.85244,94,16,126,
812.297,312.091,2,15.5891,-126.234,36,189,18,
765.568,418.257,3,0.0509876,14.391,227,58,247,
970.127,486.866,3,-67.6572,-32.3938,220,188,130,
493.276,477.979,3,-93.2291,8.67126,6,73,102,
940.028,-74.1694,4,-17.873,2.36625,228,19,193,
690.332,351.988,2,-46.942,-36.0558,179,103,60,
680.615,387.554,1,69.2373,-5.12926,200,19,52,
720.841,473.297,3,49.1141,37.8405,46,166,35,
479.303,386.302,1,-184.576,-7.85926,206,83,100,
483.281,85.1087,2,25.8316,33.4919,230,179,141,
703.769,406.579,3,25.2802,-98.8294,92,67,112,
904.04,340.088,3,-103.725,14.0996,75,98,140,
855.571,421.362,3,-92.1514,53.8334,71,49,245,
749.324,374.981,1,233.28,-66.9476,126,251,152,
561.618,530.765,4,-88.9147,42.2063,127,71,142,
468.525,484.999,2,84.6659,-46.086,230,174,110,
703.652,418.938,2,150.536,35.7595,47,54,2,
604.034,457.467,4,-117.807,-35.134,32,149,233,
825.495,361.921,4,-0.661549,32.2502,48,125,216,
836.371,611.585,1,39.9168,-77.8637,180,123,223,
628.113,396.118,1,73.9773,-11.3243,135,123,172,
623.862,518.69,4,-110.267,-143.322,18,7,246,
235.223,160.602,3,57.3124,55.4841,183,17,205,
624.214,418.812,1,54.4982,72.3528,143,158,191,
638.623,485.168,3,167.844,-50.8788,81,62,84,
559.616,437.346,1,48.8057,-71.8673,24,113,211,
714.049,370.928,4,-34.2132,13.7,18,72,110,
722.889,272.1,1,66.6919,-180.962,164,70,68,
437.418,359.92,1,-13.2975,9.11266,54,172,194,
705.444,541.369,3,36.0484,-13.5344,191,72,179,
645.177,288.443,2,-67.5455,-92.4837,62,119,216,
803.003,478.92,2,-76.2097,76.5587,218,205,149,
1005.67,534.223,1,44.4064,-52.5373,168,44,12,
550.568,325.706,2,39.9334,-10.9894,139,193,30,
1007.47,557.317,3,71.4973,36.8821,91,158,137,
663.036,411.301,4,-35.7741,-9.94694,191,128,100,
713.073,427.105,1,-103.107,-194.59,97,117,45,
1254.84,-183.327,3,-77.8681,-5.08047,225,33,189,
2362.41,620.682,3,15.4216,25.2964,175,32,24,
656.01,357.049,4,-46.5831,11.4924,24,11,109,
615.056,416.686,3,69.1515,71.9842,88,193,55,
698.843,484.155,2,95.5567,149.362,98,228,131,
617.562,406.735,1,76.9142,-89.6992,91,61,3,
686.078,272.594,2,-56.2606,20.9796,15,154,189,
814.868,377.605,2,-183.756,15.868,75,112,16,
391.068,626.311,4,-64.6887,104.444,227,173,17,
755.186,418.797,3,-155.382,22.0098,86,20,205,
723.596,486.099,3,29.2112,21.2179,53,111,31,
215.984,330.921,1,92.9215,-103.774,171,14,49,
302.539,201.393,2,-0.506212,-31.7158,192,141,114,
678.647,433.4,1,35.451,26.6895,92,28,74,
900.356,635.954,3,-61.3634,-17.3495,115,234,182,
654.167,364.193,2,-25.133,138.924,20,63,218,
455.81,346.157,2,38.95,-73.849,148,120,236,
1151.31,96.7185,3,85.44,-55.2967,118,235,140,
488.9,333.145,4,70.3918,32.7386,1,44,218,
598.293,284.899,4,-144.78,115.119,64,44,58,
691.125,249.068,2,-109.533,-60.9237,161,1,57,
561.157,398.095,1,164.505,260.615,13,253,157,
752.839,149.485,1,-43.6871,136.693,28,128,105,
519.421,419.366,3,-127.403,-4.3387,176,175,63,
629.971,383.35,3,84.2951,-48.7856,103,69,40,
703.047,370.832,4,-38.2659,14.4211,223,93,176,
671.537,469.188,3,6.68911,-19.3282,151,97,137,
724.801,337.308,4,-37.7215,-56.9349,112,87,13,
610.983,468.485,4,-30.6057,2.08239,203,18,216,
900.893,500.239,3,126.076,-16.4848,74,216,144,
771.231,496.507,3,19.1342,-38.8338,189,229,216,
2637.58,542.293,4,37.6255,24.0738,196,110,150,
617.481,365.853,4,-32.057,1.69801,243,171,52,
697.847,312.003,1,129.958,-39.338,113,83,10,
961.614,452.322,3,93.6369,78.4174,87,136,180,
250.264,682.674,4,-74.2411,40.7194,10,199,96,
251.488,462.435,2,28.723,30.7207,47,85,90,
641.004,422.804,1,63.59,40.4252,227,248,46,
665.277,377.721,1,-174.64,-12.4583,159,33,223,
653.257,225,2,-49.1104,-74.4627,53,228,144,
524.123,431.477,4,37.417,-59.5724,41,41,144,
939.679,817.374,4,-94.359,-31.4798,173,26,252,
366.104,5.68186,1,-18.556,41.9525,243,5,35,
806.41,508.765,2,-89.4427,64.635,60,125,76,
1061.98,441.073,3,73.8625,18.6207,144,234,210,
515.966,370.228,1,-149.108,-259.115,8,116,227,
566.778,454.262,1,1.6864,-131.826,185,39,150,
711.177,429.106,3,8.81985,-15.0429,234,111,12,
697.866,413.162,2,-19.8208,-85.7461,182,147,24,
445.407,306.751,3,154.78,-16.4202,71,100,174,
810.83,531.557,3,63.223,32.3543,212,59,105,
639.345,344.832,2,-155.433,59.9357,92,17,185,
670.117,261.063,3,-52.0495,-79.4874,14,237,123,
610.141,332.816,1,72.2366,156.419,35,22,225,
610.877,369.429,2,80.014,2.03199,158,92,61,
678.808,324.173,3,14.4817,98.6467,230,9,203,
526.663,352.922,3,-41.6578,22.0324,121,29,157,
702.705,523.722,1,74.2435,117.554,29,192,130,
628.546,315.459,1,55.3738,43.5006,161,241,252,
272.923,902.725,3,-33.452,71.84,194,254,130,
497.355,452.384,1,107.753,158.421,92,208,108,
349.694,550.537,2,55.865,-26.9009,71,254,102,
718.543,532.972,1,41.4647,115.237,237,101,92,
522.653,513.816,1,147.3,-10.3206,12,84,111,
703.688,169.901,1,8.23945,-215.235,215,134,113,
547.486,432.843,3,48.9687,-57.7194,223,244,71,
606.884,66.5614,1,-92.469,-87.0134,249,1,102,
446.33,373.403,2,51.1532,37.9202,229,189,127,
582.682,491.792,1,86.7115,-179.762,59,193,14,
539.022,402.855,3,-137.74,-14.731,152,2,193,
-47.4515,580.033,4,79.5408,-5.04253,197,6,103,
720.614,480.218,3,25.1597,6.91915,226,210,90,
688.675,306.552,2,-53.7036,57.6741,191,186,216,
649.803,164.692,4,-53.5678,70.9454,100,31,47,
443.605,389.447,4,-24.4451,-9.27721,125,221,32,
636.269,541.494,2,-0.871838,19.2388,12,226,27,
508.32,408.057,1,-48.98,-32.5897,158,198,165,
800.588,391.647,3,-22.6853,-15.982,132,55,200,
556.589,307.321,1,-77.3502,-105.614,135,74,61,
687.673,585.854,2,-5.55423,-91.7252,98,234,156,
687.831,332.95,4,-129.381,5.10641,149,34,37,
641.252,317.132,1,149.396,-50.3132,233,121,192,
613.991,346.494,2,120.587,145.287,129,231,87,
614.187,425.213,4,-20.634,-15.8474,29,141,202,
814.921,86.4982,1,-12.3706,33.8678,214,187,212,
721.355,554.485,4,23.5203,9.63788,78,91,114,
876.663,432.51,2,44.3171,6.67307,198,214,38,
505.169,409.89,3,-114.771,-9.63534,183,41,65,
720.033,357.785,3,66.9528,-25.4045,186,77,203,
801.476,412.284,1,-42.6349,-30.8453,237,165,70,
549.01,377.857,2,-20.2234,13.9371,144,111,13,
653.109,356.783,4,163.378,96.1748,199,45,125,
530.568,408.526,3,36.4216,-35.98,111,158,232,
640.546,376.95,2,-56.0422,-3.59673,138,190,122,
647.697,390.516,3,-1.30885,106.162,98,208,21,
740.849,428.981,3,-10.6989,0.123982,60,153,122,
424.214,221.038,1,-48.1072,-169.552,82,247,230,
-5.06115,15.4349,4,72.5971,-13.4096,75,192,29,
105.721,294.381,4,-2.44164,33.7289,1,91,48,
647.324,337.627,1,-147.515,-94.2133,254,200,137,
612.286,417.897,2,19.9829,22.7819,205,111,231,
2537.05,-350.719,4,36.5436,-32.6261,2,215,46,
672.927,361.6,1,40.6858,-44.8438,25,227,169,
771.69,346.488,4,-116.121,8.39768,233,85,126,
653.612,334.363,4,-63.4273,-28.1108,146,60,204,
689.389,357.788,3,71.4134,-51.4702,146,93,252,
617.614,366.516,4,-31.916,1.71808,90,20,184,
598.886,468.895,3,-139.753,-2.86191,180,90,92,
224.665,411.542,4,54.6212,3.84469,165,130,201,
61.3397,417.198,4,10.7969,-1.21397,186,39,90,
116.929,575.57,3,3.27219,-61.3012,167,211,12,
743.079,400.609,2,-130.799,-20.1692,238,145,168,
518.973,393.105,2,-129.95,-60.0567,222,129,78,
685.548,354.196,2,-46.7226,-51.6842,120,114,94,
626.289,420.749,2,-24.7184,10.6849,217,211,6,
740.391,328.676,4,1.16156,-4.52994,39,142,173,
638.038,400.182,1,187.913,144.315,238,204,144,
43.366,158.719,4,78.9483,16.6453,238,169,244,
228.291,62.9108,3,35.8431,36.4587,138,151,252,
332.082,376.796,3,124.338,65.558,155,248,168,
569.522,601.187,4,-52.6996,88.983,66,250,250,
805.45,472.707,3,-105.16,-40.8065,113,58,109,
656.281,394.498,2,71.4691,-8.68811,85,203,14,
1314.31,-162.5,4,-55.5109,-6.16424,178,124,90,
887.287,404.092,2,-152.039,-31.5468,214,161,201,
745.317,428.437,3,-149.385,60.6687,190,197,202,
616.568,400.968,4,-35.6982,-11.8446,110,73,220,
582.861,518.044,1,0.671686,1.24206,124,137,193,
636.309,375.951,2,-56.9474,149.493,23,190,132,
612.494,199.676,1,-38.8577,-189.127,100,8,249,
550.151,377.384,4,61.4404,22.8323,195,58,211,
547.373,285.279,2,-10.7714,130.643,26,245,182,
835.725,369.494,3,-103.655,-99.2519,190,240,24,
875.913,453.658,2,35.4163,21.6978,171,125,182,
382.533,648.92,1,28.5605,60.7521,26,153,70,
740.691,403.678,3,-6.58559,22.1594,69,150,162,
610.337,340.847,2,66.4781,19.454,152,219,213,
472.99,310.303,3,-47.6933,-72.2,86,125,228,
788.572,401.327,2,121.333,-93.95,230,153,183,
384.691,427.696,3,18.774,-1.52136,111,1,144,
801.828,397.785,1,-27.7723,-48.649,11,173,241,
652.459,447.958,3,-158.432,58.2264,61,54,44,
606.656,437.025,2,78.0834,-19.8676,122,87,79,
560.807,293.708,3,148.25,89.4162,26,192,237,
587.441,423.818,2,146.997,-55.6522,146,178,156,
618.792,447.893,2,-25.7318,57.3198,58,233,48,
720.97,288.333,1,8.3188,-211.902,214,160,131,
385.609,425.353,1,-3.67108,129.542,187,70,34,
921.745,445.865,1,-144.891,-22.1425,188,71,115,
-1191.03,854.792,4,-23.9474,27.4748,18,249,125,
677.829,192.927,3,-50.0477,44.1055,191,140,81,
435.533,488.54,1,168.823,15.6836,3,217,204,
699.534,368.359,3,-10.6464,-90.3656,106,22,12,
123.514,404.121,4,24.5302,-0.974858,164,36,0,
518.882,370.803,4,115.868,-6.49211,151,250,197,
502.029,518.697,3,142.622,3.90739,123,210,192,
596.281,514.615,1,13.303,-9.51887,84,57,26,
732.075,228.866,4,-3.08048,-16.1907,101,229,178,
705.096,336.026,1,-128.058,99.4605,68,37,242,
612.566,373.282,1,63.9231,-45.96,41,198,126,
632.842,342.746,4,-60.9072,-20.029,71,148,220,
697.407,401.902,1,58.2965,-4.83108,223,108,184,
629.937,52.0665,1,-47.6814,39.3262,229,119,230,
633.773,346.736,4,-52.9394,-3.59501,93,225,74,
103.397,485.876,4,20.2446,0.668307,252,49,154,
145.42,449.06,4,35.0821,-19.2699,209,98,24,
614.046,479.438,1,154.947,-17.7498,202,149,7,
549.973,376.539,1,23.8147,62.6657,143,116,220,
226.418,462.726,4,39.1271,-43.7922,150,87,9,
635.783,409.432,2,7.85074,21.1563,192,118,67,
606.101,214.966,1,-126.465,52.037,82,38,109,
565.624,388.892,1,49.5537,-39.4363,28,47,135,
284.997,398.461,4,53.8601,-44.1566,239,25,97,
608.921,304.504,1,60.0159,-51.6473,4,65,250,
941.685,420.358,1,-5.28027,-15.4996,7,78,215,
-101.972,698.607,4,63.7971,-9.91241,109,23,194,
632.637,668.353,1,-2.30711,104.773,14,131,110,
939.983,518.205,3,104.999,37.4835,91,78,249,
703.698,164.517,3,12.9045,33.3585,31,46,243,
573.869,543.986,3,-50.105,52.6773,30,186,93,
580.863,385.609,2,42.2087,44.9379,55,14,84,
508.901,474.207,1,84.5083,-6.9976,209,59,80,
702.503,254.829,2,88.8428,-91.3344,219,216,138,
604.073,352.532,2,-162.703,36.5903,153,200,239,
679.071,529.019,4,61.7594,-9.91844,15,39,77,
112.034,453.287,4,21.3682,-4.35997,174,234,244,
700.186,603.254,1,-82.393,25.5819,228,77,25,
758.41,395.002,3,-6.23393,16.9356,180,4,8,
-713.711,688.083,4,4.47135,18.0273,44,235,18,
786.519,411.047,4,-147.715,45.7718,9,253,167,
439.985,401.086,2,-134.694,12.2307,126,100,86,
583.174,484.339,1,-131.72,114.466,164,151,46,
783.137,328.297,1,-115.366,63.6299,66,52,190,
589.781,467.397,1,14.4871,-81.5583,29,112,31,
631.697,482.914,4,-52.3202,42.6126,45,2,189,
560.387,386.748,3,49.118,66.6408,34,225,6,
467.922,261.747,1,82.4745,34.3021,249,78,78,
1096.73,442.632,3,55.6738,-1.1844,167,4,203,
497.544,465.301,2,-41.3119,32.5635,233,38,104,
405.618,162.18,4,-69.9098,-95.7907,145,14,190,
659.945,443.688,3,69.026,67.6494,49,84,66,
716.656,333.464,3,-17.2253,130.761,152,78,196,
-1164.05,657.762,4,-21.1497,28.4845,200,198,207,
-964.202,792.755,4,-14.8258,16.0698,238,234,40,
677.963,230.098,4,11.3499,-37.0244,108,232,185,
688.667,441.873,3,-15.4105,-91.4266,40,147,108,
711.515,478.681,4,17.1519,43.3829,235,145,186,
858.255,293.26,1,-128.302,30.7342,117,253,160,
728.874,435.892,3,8.42502,-14.0555,68,166,82,
653.511,343.064,2,-43.0514,-23.3569,25,220,116,
957.002,390.248,2,-123.17,-14.2337,27,225,35,
1058.04,323.57,3,-42.3084,-14.1773,194,10,77,
448.501,448.04,1,-100.196,-86.9756,139,175,114,
594.008,403.636,1,-137.3,-155.062,53,52,67,
669.398,530.771,2,29.9578,41.3724,245,160,197,
2719.6,746.792,4,44.7803,26.3479,201,235,158,
554.452,332.636,1,-152.389,-16.3027,8,141,146,
195.239,31.7641,4,-50.0152,-47.5025,76,160,233,
472.529,458.816,4,8.08261,-46.3265,217,103,131,
554.14,403.314,1,-168.961,-12.3225,86,28,240,
778.834,310.554,1,-1.63371,13.6175,194,97,203,
622.794,429.066,2,-34.4555,7.53434,13,119,149,
2456.76,-236.904,4,30.1255,-34.4984,66,131,25,
710.101,439.931,1,-155.307,-22.6151,41,12,111,
470.756,409.755,2,56.8429,-107.469,136,176,25,
631.962,440.882,2,-147.04,76.004,145,212,81,
522.364,396.929,2,129.301,21.5395,36,107,187,
712.385,390.438,4,-66.2506,-64.5785,16,122,7,
586.319,345.591,2,-44.3211,121.924,226,82,220,
649.029,391.893,1,96.4437,-6.85237,78,111,202,
739.045,400.663,2,31.9482,-5.33128,154,145,242,
526.6,395.204,1,10.3196,9.05526,100,67,29,
659.315,471.477,3,-73.5791,5.05434,186,236,243,
-66.6103,63.0637,4,69.6685,0.83684,26,76,66,
2494.84,792.48,4,36.5379,22.7156,170,190,55,
434.861,-89.5229,4,-4.5344,-30.7469,145,58,184,
617.103,465.715,4,-38.978,-1.19556,8,116,140,
1232.02,631.387,4,10.3389,-1.06278,58,86,100,
1044.47,583.954,4,-58.6975,-34.0518,58,213,231,
501.69,475.744,1,140.37,-58.035,188,30,25,
592.967,378.833,3,180.056,-70.3209,83,246,138,
80.8429,548.897,4,-69.6588,-11.513,202,236,67,
518.989,829.799,1,-20.9737,61.5633,56,117,171,
713.286,475.871,4,-2.04968,15.1962,122,202,47,
550.988,394.186,1,37.363,-33.9239,147,130,190,
883.085,432.751,2,11.992,3.33538,250,205,89,
679.921,347.024,4,-45.2542,11.9239,70,180,163,
472.913,391.72,4,110.919,-8.00099,75,130,210,
623.894,464.163,4,-72.6414,43.1161,170,30,121,
433.5,497.62,3,141.123,-55.484,182,117,11,
660.318,431.037,4,-72.515,76.387,28,111,106,
416.064,380.698,2,-25.8982,24.3827,212,22,58,
774.688,329.394,1,6.68431,74.6695,28,104,25,
582.452,348.233,2,36.218,47.939,178,23,55,
941.663,224.984,1,40.6846,109.751,24,249,75,
749.209,465.265,4,3.13992,-66.6264,250,226,124,
643.921,468.572,1,-139.149,-123.825,51,37,128,
358.233,180.974,3,8.84526,34.2677,194,106,26,
409.188,616.863,4,112.933,-75.3297,29,222,217,
414.751,428.925,2,-26.5586,-2.95723,139,242,116,
429.49,605.466,3,66.85,-97.8727,127,167,91,
473.557,399.564,2,-73.3666,15.0705,109,51,62,
610.267,222.381,3,-101.685,19.5092,167,133,172,
873.598,291.974,2,-7.43371,23.1724,159,35,232,
451.393,456.235,1,-123.45,48.0785,244,83,72,
1111.96,466.835,2,-41.0148,-22.6803,103,183,61,
680.544,409.398,1,69.5538,22.0919,170,133,22,
450.787,323.322,3,67.1188,83.5138,152,181,120,
1091.43,346.84,3,-12.1682,15.2162,102,152,94,
601.942,317.246,1,25.5803,57.0472,166,211,75,
885.059,360.265,1,-125.652,30.7879,160,205,216,
515.772,345.386,2,22.6833,-21.0854,43,192,240,
745.546,434.853,3,-156.217,-3.90051,29,159,20,
571.723,441.362,1,17.4779,-87.4538,231,4,88,
668.436,319.094,3,-41.0018,-44.0214,121,18,137,
-1026.36,780.008,4,-14.9773,20.4288,85,19,199,
744.007,349.197,2,132.001,-109.032,194,187,171,
687.876,648.236,2,13.4548,35.319,238,105,15,
619.219,351.943,4,-55.2152,-15.8823,169,15,55,
552.305,387.028,3,33.5836,55.3104,98,84,207,
356.079,34.4223,1,-57.6523,-1.63982,180,127,243,
374.926,447.447,4,80.0628,8.92708,59,28,3,
584.435,286.121,4,-107.193,-32.3995,142,180,46,
523.626,376.451,2,3.60036,14.634,156,227,71,
479.684,276.261,1,125.388,210.45,105,95,31,
685.369,375.05,3,-14.2922,27.341,22,215,72,
225.092,337.481,4,43.221,36.1009,41,63,231,
539.761,502.229,3,42.6835,83.8786,155,11,147,
849.666,341.301,2,-51.5416,-27.7283,84,207,10,
589.841,250.041,3,145.862,-50.7606,26,15,236,
628.031,450.963,2,-67.0867,28.917,145,41,67,
718.041,379.965,2,19.5158,-13.6736,253,174,140,
595.338,398.604,4,-40.1508,-17.1561,217,104,141,
89.362,489.104,4,17.093,0.194651,214,239,191,
464.398,364.646,3,-69.7705,-27.128,95,127,174,
772.5,475.939,1,150.113,72.1736,74,250,138,
510.624,416.893,1,-94.1183,-40.8916,33,30,202,
-445.629,-24.4253,4,32.0182,-9.26189,83,60,45,
234.957,-1.2852,4,-38.7711,-61.0492,251,228,228,
785.92,455.688,1,48.343,69.673,157,122,19,
377.564,411.416,3,96.8444,-92.8828,247,120,226,
548.608,505.96,3,1.08997,-38.3853,74,206,231,
217.002,40.527,4,-45.4153,-75.488,89,169,78,
531.82,345.17,3,-10.1727,-1.11741,108,35,164,
656.57,429.022,2,-68.2297,-2.71365,167,141,65,
497.067,369.008,3,-104.192,-44.4508,95,122,73,
597.594,503.39,1,-232.261,-28.74,32,218,222,
766.394,386.481,3,8.12706,14.0222,148,189,85,
620.608,345.906,2,16.289,-11.3942,218,12,181,
976.994,380.701,3,-83.3251,-8.33943,53,164,218,
423.04,694.629,3,-11.1213,-29.5112,1,142,78,
686.543,412.439,2,-25.9941,-88.9196,97,236,178,
200.563,997.706,3,-20.3304,59.5153,226,136,122,
1399.91,-340.47,4,-33.1314,-1.1653,114,193,3,
2206.64,-169.896,4,18.4363,-30.9128,213,146,156,
458.477,306.886,3,-39.6367,8.67554,42,233,208,
343.35,372.294,3,105.953,80.7443,36,132,117,
658.127,481.427,3,-36.1146,74.218,120,89,41,
-12.6709,416.782,4,-21.7345,24.7037,105,248,232,
502.938,449.846,1,-16.692,-32.4935,142,75,229,
655.127,216.967,1,106.235,85.1992,36,113,211,
749.627,453.759,1,-121.986,-10.3017,58,151,51,
772.093,483.674,1,-82.0036,47.8347,194,143,169,
567.528,488.795,1,-139.391,-82.9143,1,108,248,
742.825,245.98,4,15.8806,-40.8066,62,37,241,
700.146,371.322,2,-58.2634,-138.213,146,54,127,
567.803,-103.972,4,20.449,-34.8401,3,251,47,
-20.4471,334.544,4,-18.2367,-10.8319,244,145,71,
293.132,455.98,4,135.656,-22.1889,242,153,131,
703.022,326.806,4,-45.7582,78.5041,6,172,49,
838.431,384.283,2,72.1961,-62.1609,212,200,60,
-514.922,6.20351,4,28.2089,-25.7674,162,213,54,
722.838,560.264,1,-94.5653,138.744,66,224,122,
748.89,537.819,2,-84.4963,104.838,97,212,23,
495.195,290.557,2,112.966,-10.4469,218,227,81,
577.427,400.101,1,55.855,51.0458,179,79,118,
441.766,484.078,3,143.898,-64.2207,175,166,232,
688.002,319.243,1,139.281,24.9574,116,182,210,
773.426,270.756,3,78.38,-39.475,67,73,254,
950.046,346.657,2,-119.938,12.0583,92,229,158,
768.09,320.044,2,128.779,-69.9333,147,31,70,
726.561,415.054,3,-152.751,-56.0141,162,244,243,
412.182,288.889,2,59.8361,-29.8344,221,252,217,
779.011,672.681,1,100.459,104.063,200,145,204,
800.042,286.394,2,-68.7457,-95.4529,79,120,184,
524.504,489.503,1,-15.7912,-176.755,27,195,174,
